1 3 299 299 32 3 3 2 3 0 0 1 0
1 32 149 149 32 3 3 1 3 0 0 1 0
1 32 147 147 64 3 3 1 3 1 1 1 6
1 64 73 73 80 1 1 1 1 0 0 1 0
1 80 73 73 192 3 3 1 3 0 0 1 6
1 192 35 35 64 1 1 1 1 0 0 1 0
1 192 35 35 48 1 1 1 1 0 0 1 0
1 48 35 35 64 5 5 1 5 2 2 1 0
1 64 35 35 96 3 3 1 3 1 1 1 6
1 96 35 35 96 3 3 1 3 1 1 1 6
1 192 35 35 32 1 1 1 1 0 0 1 0
1 256 35 35 64 1 1 1 1 0 0 1 0
1 256 35 35 48 1 1 1 1 0 0 1 0
1 288 35 35 64 1 1 1 1 0 0 1 0
1 288 35 35 48 1 1 1 1 0 0 1 0
1 288 35 35 384 3 3 2 3 0 0 1 0
1 96 35 35 96 3 3 2 3 0 0 1 0
1 768 17 17 192 1 1 1 1 0 0 1 0
1 768 17 17 128 1 1 1 1 0 0 1 0
1 128 17 17 128 1 7 1 7 0 3 1 5
1 128 17 17 192 7 1 1 1 3 0 1 5
1 128 17 17 128 7 1 1 1 3 0 1 5
1 128 17 17 192 1 7 1 7 0 3 1 5
1 768 17 17 160 1 1 1 1 0 0 1 0
1 160 17 17 160 1 7 1 7 0 3 1 5
1 160 17 17 192 7 1 1 1 3 0 1 5
1 160 17 17 160 7 1 1 1 3 0 1 5
1 160 17 17 192 1 7 1 7 0 3 1 5
1 192 17 17 192 1 7 1 7 0 3 1 5
1 192 17 17 192 7 1 1 1 3 0 1 5
1 192 17 17 320 3 3 2 3 0 0 1 0
1 192 17 17 192 3 3 2 3 0 0 1 0
1 1280 8 8 320 1 1 1 1 0 0 1 0
1 1280 8 8 384 1 1 1 1 0 0 1 0
1 384 8 8 384 1 3 1 3 0 1 1 0
1 384 8 8 384 3 1 1 1 1 0 1 0
1 1280 8 8 448 1 1 1 1 0 0 1 0
1 448 8 8 384 3 3 1 3 1 1 1 6
1 1280 8 8 192 1 1 1 1 0 0 1 0
1 2048 8 8 320 1 1 1 1 0 0 1 0
1 2048 8 8 384 1 1 1 1 0 0 1 0
1 2048 8 8 448 1 1 1 1 0 0 1 0
1 2048 8 8 192 1 1 1 1 0 0 1 0
1 192 35 35 128 1 1 1 1 0 0 1 0
1 192 35 35 112 1 1 1 1 0 0 1 0
1 192 35 35 176 1 1 1 1 0 0 1 0
1 256 35 35 128 1 1 1 1 0 0 1 0
1 256 35 35 112 1 1 1 1 0 0 1 0
1 256 35 35 176 1 1 1 1 0 0 1 0
1 288 35 35 128 1 1 1 1 0 0 1 0
1 288 35 35 112 1 1 1 1 0 0 1 0
1 288 35 35 176 1 1 1 1 0 0 1 0
1 768 17 17 320 1 1 1 1 0 0 1 0
1 768 17 17 448 1 1 1 1 0 0 1 0
1 768 17 17 256 1 1 1 1 0 0 1 0
1 768 17 17 352 1 1 1 1 0 0 1 0
1 768 17 17 512 1 1 1 1 0 0 1 0
1 768 17 17 384 1 1 1 1 0 0 1 0
1 768 17 17 576 1 1 1 1 0 0 1 0
1 384 8 8 768 3 3 1 3 1 1 1 6
1 1280 8 8 768 1 1 1 1 0 0 1 0
1 1280 8 8 704 1 1 1 1 0 0 1 0
1 1280 8 8 1152 1 1 1 1 0 0 1 0
1 1280 8 8 832 1 1 1 1 0 0 1 0
1 2048 8 8 768 1 1 1 1 0 0 1 0
1 2048 8 8 704 1 1 1 1 0 0 1 0
1 2048 8 8 1152 1 1 1 1 0 0 1 0
1 2048 8 8 832 1 1 1 1 0 0 1 0
1 3 224 224 96 7 7 2 7 3 3 1 0
1 96 55 55 16 1 1 1 1 0 0 1 0
1 16 55 55 64 3 3 1 3 1 1 1 0
1 16 55 55 64 1 1 1 1 0 0 1 0
1 96 55 55 128 1 1 1 1 0 0 1 0
1 128 55 55 16 1 1 1 1 0 0 1 0
1 128 55 55 32 1 1 1 1 0 0 1 0
1 32 55 55 128 3 3 1 3 1 1 1 0
1 32 55 55 128 1 1 1 1 0 0 1 0
1 128 55 55 256 1 1 1 1 0 0 1 0
1 256 27 27 32 1 1 1 1 0 0 1 0
1 32 27 27 128 3 3 1 3 1 1 1 0
1 32 27 27 128 1 1 1 1 0 0 1 0
1 256 27 27 48 1 1 1 1 0 0 1 0
1 48 27 27 192 3 3 1 3 1 1 1 0
1 48 27 27 192 1 1 1 1 0 0 1 0
1 256 27 27 384 1 1 1 1 0 0 1 0
1 384 27 27 48 1 1 1 1 0 0 1 0
1 384 27 27 64 1 1 1 1 0 0 1 0
1 64 27 27 256 3 3 1 3 1 1 1 6
1 64 27 27 256 1 1 1 1 0 0 1 0
1 384 27 27 512 1 1 1 1 0 0 1 0
1 512 13 13 64 1 1 1 1 0 0 1 0
1 64 13 13 256 3 3 1 3 1 1 1 0
1 64 13 13 256 1 1 1 1 0 0 1 0
1 512 13 13 1000 1 1 1 1 0 0 1 0
1 16 55 55 128 3 3 1 3 1 1 1 0
1 96 55 55 144 1 1 1 1 0 0 1 0
1 32 55 55 256 3 3 1 3 1 1 1 6
1 128 55 55 288 1 1 1 1 0 0 1 0
1 32 27 27 256 3 3 1 3 1 1 1 0
1 48 27 27 384 3 3 1 3 1 1 1 0
1 256 27 27 432 1 1 1 1 0 0 1 0
1 64 27 27 512 3 3 1 3 1 1 1 6
1 384 27 27 576 1 1 1 1 0 0 1 0
1 64 13 13 512 3 3 1 3 1 1 1 6
1 3 224 224 77 3 3 2 3 1 1 1 0
1 77 112 112 77 3 3 2 3 1 1 77 0
1 77 56 56 154 1 1 1 1 0 0 1 0
1 154 56 56 154 3 3 1 3 1 1 154 0
1 154 56 56 154 1 1 1 1 0 0 1 0
1 154 56 56 154 3 3 2 3 1 1 154 0
1 154 28 28 308 1 1 1 1 0 0 1 0
1 308 28 28 308 3 3 1 3 1 1 308 0
1 308 28 28 308 1 1 1 1 0 0 1 0
1 308 28 28 308 3 3 2 3 1 1 308 0
1 308 14 14 616 1 1 1 1 0 0 1 0
1 616 14 14 616 3 3 1 3 1 1 616 0
1 616 14 14 616 1 1 1 1 0 0 1 0
1 616 14 14 616 3 3 2 3 1 1 616 0
1 616 7 7 1232 1 1 1 1 0 0 1 0
1 1232 7 7 1232 3 3 1 3 1 1 1232 0
1 1232 7 7 1232 1 1 1 1 0 0 1 0
1 1232 7 7 1280 1 1 1 1 0 0 1 0
1 3 331 331 96 3 3 2 3 0 0 1 0
1 96 165 165 42 1 1 1 1 0 0 1 1
1 42 165 165 42 5 5 2 5 2 2 42 0
1 42 83 83 42 1 1 1 1 0 0 1 0
1 42 83 83 42 5 5 1 5 2 2 42 0
1 96 165 165 96 7 7 2 7 3 3 96 0
1 96 83 83 42 1 1 1 1 0 0 1 0
1 42 83 83 42 7 7 1 7 3 3 42 0
1 96 165 165 96 5 5 2 5 2 2 96 0
1 42 83 83 42 3 3 1 3 1 1 42 0
1 168 83 83 84 1 1 1 1 0 0 1 0
1 96 165 165 42 1 1 2 1 0 0 1 0
1 84 83 83 84 5 5 2 5 2 2 84 0
1 84 42 42 84 1 1 1 1 0 0 1 0
1 84 42 42 84 5 5 1 5 2 2 84 0
1 42 83 83 42 7 7 2 7 3 3 42 0
1 42 42 42 42 1 1 1 1 0 0 1 0
1 42 42 42 42 7 7 1 7 3 3 42 0
1 42 42 42 84 1 1 1 1 0 0 1 0
1 42 83 83 42 5 5 2 5 2 2 42 0
1 42 42 42 42 5 5 1 5 2 2 42 0
1 84 42 42 84 3 3 1 3 1 1 84 0
1 168 83 83 84 1 1 2 1 0 0 1 0
1 336 42 42 168 1 1 1 1 0 0 1 0
1 168 42 42 168 5 5 1 5 2 2 168 0
1 168 42 42 168 1 1 1 1 0 0 1 0
1 168 42 42 168 3 3 1 3 1 1 168 0
1 1008 42 42 168 1 1 1 1 0 0 1 0
1 840 42 42 168 1 1 1 1 0 0 1 0
1 840 42 42 336 1 1 1 1 0 0 1 0
1 336 42 42 336 5 5 2 5 2 2 336 0
1 336 21 21 336 1 1 1 1 0 0 1 0
1 336 21 21 336 5 5 1 5 2 2 336 0
1 336 42 42 336 7 7 2 7 3 3 336 0
1 336 21 21 336 7 7 1 7 3 3 336 0
1 336 21 21 336 3 3 1 3 1 1 336 0
1 840 42 42 168 1 1 2 1 0 0 1 0
1 1344 21 21 336 1 1 1 1 0 0 1 0
1 2016 21 21 336 1 1 1 1 0 0 1 0
1 1680 21 21 336 1 1 1 1 0 0 1 0
1 1680 21 21 672 1 1 1 1 0 0 1 0
1 672 21 21 672 5 5 2 5 2 2 672 0
1 672 11 11 672 1 1 1 1 0 0 1 0
1 672 11 11 672 5 5 1 5 2 2 672 0
1 672 21 21 672 7 7 2 7 3 3 672 0
1 672 11 11 672 7 7 1 7 3 3 672 0
1 672 11 11 672 3 3 1 3 1 1 672 0
1 1680 21 21 336 1 1 2 1 0 0 1 0
1 2688 11 11 672 1 1 1 1 0 0 1 0
1 4032 11 11 672 1 1 1 1 0 0 1 0
1 3360 11 11 672 1 1 1 1 0 0 1 0
